среднее время: 
Точный: 
67 60 25
70 86 97
59 14 92
среднее время 20000 мкс
лучшее 17000 мкс
4 12 97 34
6 42 97 18
76 92 74 55
26 36 71 68
среднее 24000 мкс
лучшее17500 мкс
73 24 37 75 30
98 65 11 36 55
74 69 31 92 3
93 96 8 96 79
39 44 24 64 92
среднее 26000 мкс
лучшее 20000 мкс
57 18 63 51 25 11
86 24 89 83 61 39
50 61 29 18 80 35
58 51 9 93 7 75
27 19 7 99 84 84
13 29 54 27 62 44
среднее 35000 мкс
лучшее 22000 мкс
Эвристика: 
67 60 25
70 86 97
59 14 92
среднее 54 мкс
лучшее 36 мкс
4 12 97 34
6 42 97 18
76 92 74 55
26 36 71 68
среднее 50 мкс
лучшее 35 мкс
73 24 37 75 30
98 65 11 36 55
74 69 31 92 3
93 96 8 96 79
39 44 24 64 92
среднее 74 мкс
лучшее 50 мкс
57 18 63 51 25 11
86 24 89 83 61 39
50 61 29 18 80 35
58 51 9 93 7 75
27 19 7 99 84 84
13 29 54 27 62 44
среднее 78 мкс
лучшее 77 мкс
точность по всем вышла 100%. 

Поиграв с значениями можно понять, что точность будет падать, если будут вылезать одинаковые стоимости дорог. 
